965125
965134
967474
992775
994716
994728
1112290
1222841
948353
953459
955772
957263
958461
961173
962454
965320
965763
967911
969939
973757
975697
977150
979590
982004
984924
989156
989163
990140
992144
993010
993849
994523
994528
995257
995320
995377
995402
995673
995710
995737
995786
995812
996001
996004
996010
996042
996243
996252
996254
996266
996281
996284
996318
996331
996542
996636
996667
996691
996710
997181
998411
999234
1000608
1001922
1002597
1002985
1003608
1003615
1004189
1005778
1008006
1008924
1008971
1008980
1010586
1010652
1012679
1015192
1017122
1017623
1017684
1019799
1019870
1019876
1020230
1020368
1020423
1021001
1021216
1022204
1023509
1023521
1023526
1024480
1025149
1026235
1029719
1030575
1034386
1034431
1034434
1037747
1038099
1038759
1041791
1042741
1044335
1049610
1056124
1056128
1059826
1060572
1060579
1060581
1060586
1060589
1060673
1061031
1062067
1062990
1073120
1073357
1074259
1074267
1074468
1074938
1074972
1075049
1075051
1075266
1075361
1075538
1075679
1075756
1076020
1076029
1076124
1076212
1076320
1076439
1076570
1076725
1076875
1076956
1077030
1077133
1077224
1077239
1077349
1077411
1077426
1077510
1077669
1077718
1077725
1077734
1077764
1077785
1077965
1077994
1078124
1078246
1078292
1078383
1078458
1078636
1078896
1079164
1079357
1079523
1079724
1079785
1079796
1080018
1080023
1080194
1080196
1080439
1080521
1080629
1080633
1080869
1081146
1081283
1081893
1082255
1083038
1083567
1083935
1084137
1084196
1084717
1084820
1085145
1085652
1085690
1085978
1086024
1086634
1086649
1086994
1087391
1088005
1088445
1088735
1088739
1090136
1090341
1090352
1090358
1090671
1091435
1092185
1092363
1092536
1092877
1092879
1092882
1092884
1092890
1093656
1093659
1093665
1094270
1094595
1094661
1094665
1094846
1094912
1094994
1095070
1095321
1095717
1095723
1095845
1095847
1095873
1096120
1096242
1096243
1096265
1096268
1096473
1096701
1096897
1097146
1097172
1097437
1097489
1097529
1097635
1097967
1098110
1098808
1098917
1099894
1099897
1100016
1100028
1100037
1100046
1100363
1100517
1100730
1101054
1101144
1101379
1101384
1101385
1101461
1101670
1101803
1102044
1102046
1102388
1102870
1104617
1105974
1106439
1107589
1109179
1109272
1109312
1109440
1109508
1109616
1110091
1110136
1110166
1110168
1110283
1110518
1110572
1110628
1110913
1111035
1111163
1111359
1112150
1112160
1112162
1112164
1112167
1112170
1112179
1112278
1112747
1112880
1112933
1113205
1113834
1113849
1113939
1114487
1114667
1114782
1114993
1115121
1115213
1115330
1115380
1115383
1115386
1115703
1116001
1116166
1116328
1117049
1117207
1117685
1118495
1118513
1118520
1118534
1118585
1118591
1118962
1119040
1119183
1119184
1119757
1119928
1119930
1119935
1119940
1119951
1119956
1119962
1120355
1120470
1120480
1120578
1120585
1120622
1120630
1120633
1120641
1120695
1120724
1120752
1120761
1120778
1120815
1120832
1120873
1120882
1120961
1121113
1126524
1126801
1126838
1126974
1127111
1127152
1127277
1127403
1127568
1127573
1127959
1128056
1129327
1129328
1129652
1129669
1129708
1129748
1129750
1129936
1129997
1130295
1131141
1131148
1131242
1131302
1131398
1131402
1131461
1131648
1131661
1131667
1131670
1131673
1131886
1132944
1133111
1134868
1136640
1137451
1138219
1140042
1142040
1142297
1142694
1143430
1143936
1144460
1144854
1145876
1145880
1158397
1158406
1158604
1158996
1159093
1159858
1159942
1160167
1160168
1160559
1160872
1160954
1161142
1161652
1163359
1164519
1165641
1165845
1166309
1167631
1168423
1169100
1169779
1169986
1170031
1170131
1170733
1171370
1172370
1174678
1176256
1180709
1188133
1188335
1188734
1189100
1189391
1189655
1189799
1195440
1198250
1204493
1204494
1209885
1212398
1212690
1213175
1213628
1213994
1216199
1217564
1217747
1222387
1222583
1222584
1222837
1223039
1223264
1224483
1235947
1237399
1252648
1253665
1253709
1254548
1255337
1257261
1258119
1262301
1262604
1263553
1264517
1275773
1276289
1276293
1277071
997493
1015067
1022970
1022972
1024371
1024379
1024406
1024476
1024478
1024677
1025178
1025193
1025210
1035852
1040563
1054268
1059188
1059190
1064545
1074812
1078547
1078557
1118043
1118045
1153352
1153372
1153463
1155398
1159802
1160041
1161944
1165496
1166457
1167996
1168432
1169336
1209119
1225391
1226335
1226636
1238242
1274452
1274758
1280019
1282203
1293447
1294086
1294142
1294186
1294188
1294460
1294510
1017972
1017976
1017982
1018792
1051965
1051976
1091461
1057278
1057295
1057302
1057472
1057596
1057743
1057771
1057791
1057796
1057799
1057802
1057811
1057815
1057819
1057957
1077648
1077667
1077723
1077726
1118073
1136337
1080509
1107287
1109247
1111149
1111152
1111154
1111616
1111638
1111843
1111844
1111884
1120124
1131465
1131486
1153978
1154185
1155127
1155861
1212114
1212202
1212318
1293788
1293792
1293900
1293925
947352
947375
948749
953472
965161
986809
986819
991239
995470
1002507
1002579
1005343
1015277
1019061
1032563
1038675
1041090
1052079
1059929
1073204
1073208
1075248
1075663
1080567
1084730
1089065
1089069
1092489
1092531
1092533
1099520
1099636
1101309
1105680
1105860
1105868
1105873
1106595
1108753
1108784
1109246
1109413
1109583
1109699
1112785
1114869
1116306
1116651
1117817
1118035
1118052
1118064
1118670
1120813
1120816
1123835
1142035
1155443
1157897
1164947
1172093
1188512
1189392
1196396
1212689
1214799
1215722
1223645
1238501
1255276
1259249
1264890
958385
