944920
945061
945140
945910
945924
945956
946687
946708
946730
946763
946769
946849
946893
947352
947375
947536
948159
948169
948353
948420
948749
948853
949287
949527
950043
950919
950930
951105
951177
951360
951392
952019
952061
952359
952705
952755
952982
953246
953459
953472
953532
953535
953540
953760
954521
955772
956273
956335
956717
956875
957029
957263
957459
958088
958106
958142
958165
958171
958190
958198
958385
958461
959460
959907
959918
959925
959931
960003
960012
960017
960024
960099
960251
960284
961024
961173
961687
961695
961710
961721
961797
961941
962091
962175
962218
962402
962412
962454
962890
962924
963128
963456
964249
964251
964260
965125
965134
965161
965320
965763
965891
966159
966221
966274
966671
966788
966936
967209
967246
967253
967357
967465
967474
967543
967754
967792
967797
967911
968126
968238
968393
969400
969801
969935
969939
970704
971067
971194
971484
971617
971704
971842
972185
972193
972312
973059
973094
973400
973757
973784
974070
974088
974116
974147
974169
974172
974965
975041
975050
975079
975422
975429
975519
975697
975719
975737
975768
975778
975789
975851
976107
976229
976341
976375
976411
976571
976678
977110
977133
977150
977445
977456
977749
978101
978270
978396
978409
978416
978689
978814
978877
978971
979590
979785
979837
979940
980206
980288
980342
980463
980465
980469
980501
980673
980906
981118
981259
981460
981659
981694
981820
982004
982528
982532
982967
982997
982999
983011
983034
984233
984246
984337
984722
984879
984924
985156
985274
985283
985286
985288
985385
985432
985531
985556
985566
985574
985926
986341
986542
986809
986819
987364
987404
988175
988342
988433
988640
988776
989014
989156
989163
989383
989398
989405
989409
989415
989417
989422
989429
989431
989433
989752
989801
989898
990047
990140
990269
990313
990369
990411
990623
991083
991239
991456
991795
991952
992013
992016
992144
992605
992608
992766
992775
992798
992891
992894
993010
993352
993393
993808
993834
993849
993851
993897
993921
993931
993975
993983
993991
994023
994038
994043
994074
994141
994523
994528
994538
994561
994604
994608
994617
994660
994670
994674
994716
994728
994784
994792
994794
994803
994805
994813
994829
994895
994909
994969
994979
994981
994997
995004
995008
995011
995019
995026
995029
995036
995051
995058
995067
995073
995104
995107
995257
995320
995376
995377
995380
995387
995402
995424
995426
995430
995438
995448
995466
995470
995475
995566
995568
995572
995593
995652
995673
995710
995723
995730
995737
995742
995786
995812
996001
996004
996010
996042
996117
996123
996243
996252
996254
996266
996281
996284
996300
996318
996331
996467
996472
996474
996480
996482
996489
996527
996530
996533
996537
996539
996542
996543
996636
996667
996674
996689
996691
996700
996710
996747
996761
996767
996770
996773
996836
996841
996844
996864
996871
996875
996920
996934
996945
996978
996982
996992
996995
997001
997041
997058
997093
997181
997206
997214
997224
997327
997421
997438
997455
997489
997493
997521
997524
997585
997587
997600
997602
997681
997784
997791
997884
997895
997918
997920
997925
998411
998442
998960
998974
999018
999023
999234
999704
999717
999811
999820
999840
1000162
1000304
1000311
1000313
1000318
1000431
1000608
1000666
1000719
1000751
1000753
1000755
1000766
1001045
1001082
1001091
1001102
1001132
1001209
1001249
1001475
1001482
1001504
1001676
1001920
1001922
1001934
1001936
1001938
1001941
1001943
1001962
1001964
1001983
1001988
1001992
1002002
1002007
1002009
1002014
1002507
1002511
1002530
1002535
1002539
1002551
1002555
1002559
1002579
1002597
1002602
1002984
1002985
1003000
1003058
1003547
1003570
1003606
1003608
1003615
1003816
1003875
1004189
1004202
1004315
1004331
1004717
1004723
1005158
1005162
1005343
1005354
1005692
1005778
1006273
1006889
1006924
1007045
1007063
1007070
1007176
1007182
1007203
1007223
1007330
1007344
1007553
1007582
1007590
1007864
1008001
1008006
1008146
1008157
1008159
1008196
1008302
1008381
1008638
1008652
1008658
1008924
1008971
1008980
1009088
1009106
1009368
1009372
1009376
1009385
1009400
1009404
1009434
1009897
1009983
1009986
1010029
1010271
1010586
1010652
1011196
1011280
1011370
1011431
1011433
1011465
1011471
1012122
1012125
1012127
1012175
1012187
1012193
1012386
1012470
1012479
1012520
1012546
1012552
1012562
1012568
1012582
1012679
1013205
1013209
1013238
1013284
1013396
1014671
1014674
1014677
1014682
1014687
1014701
1014746
1014751
1014803
1015045
1015048
1015065
1015067
1015073
1015078
1015192
1015260
1015267
1015277
1015579
1015773
1015794
1017109
1017122
1017131
1017521
1017623
1017626
1017631
1017656
1017668
1017684
1017959
1017961
1017964
1017967
1017972
1017976
1017978
1017981
1017982
1017985
1017987
1017991
1018792
1018994
1019009
1019023
1019061
1019079
1019094
1019124
1019183
1019223
1019228
1019411
1019463
1019468
1019470
1019492
1019497
1019799
1019870
1019876
1019985
1020000
1020002
1020008
1020019
1020194
1020225
1020230
1020368
1020380
1020422
1020423
1020519
1020534
1020849
1020851
1020893
1020904
1020911
1020915
1020919
1020923
1021001
1021209
1021216
1021222
1021228
1021232
1021238
1021261
1021266
1021649
1021654
1021661
1021671
1021685
1021687
1021692
1021986
1021991
1021999
1022127
1022137
1022139
1022146
1022160
1022170
1022176
1022180
1022184
1022187
1022204
1022207
1022223
1022270
1022280
1022306
1022495
1022521
1022941
1022958
1022970
1022972
1022979
1023443
1023509
1023521
1023526
1023726
1023728
1023730
1024349
1024368
1024371
1024379
1024406
1024476
1024478
1024480
1024677
1024680
1024687
1024694
1024732
1024741
1024745
1024749
1024755
1024762
1024923
1024958
1025058
1025149
1025178
1025193
1025210
1026235
1026242
1026341
1026350
1026360
1026367
1026369
1026373
1026387
1026677
1026807
1026908
1027107
1027115
1027117
1027118
1027159
1027207
1027256
1027259
1027267
1027298
1027306
1027385
1027391
1027406
1027550
1027692
1028039
1028129
1028134
1028575
1028597
1028833
1028861
1028869
1029183
1029446
1029492
1029494
1029497
1029719
1029754
1029786
1029804
1029840
1030117
1030303
1030345
1030355
1030575
1030743
1030753
1030756
1030768
1030782
1030793
1030795
1030905
1030921
1031028
1031033
1031094
1031153
1031158
1031303
1031324
1031734
1031773
1032461
1032464
1032563
1032572
1032596
1032635
1032684
1032793
1033260
1033398
1033923
1033926
1033930
1033944
1033952
1034029
1034047
1034049
1034054
1034340
1034386
1034431
1034434
1034659
1034689
1034693
1034702
1034780
1034803
1034887
1034907
1034915
1035032
1035034
1035163
1035267
1035728
1035789
1035795
1035797
1035852
1036102
1036247
1036259
1036272
1036993
1036994
1037040
1037041
1037042
1037068
1037071
1037092
1037143
1037149
1037292
1037304
1037372
1037378
1037404
1037410
1037521
1037524
1037632
1037740
1037747
1037753
1037910
1037989
1038099
1038197
1038306
1038386
1038511
1038513
1038519
1038525
1038536
1038609
1038615
1038638
1038660
1038675
1038759
1038769
1038788
1038793
1038797
1038801
1038855
1038861
1038873
1038991
1039050
1039053
1039055
1039080
1039144
1039209
1039307
1039630
1039648
1039744
1039981
1039997
1040491
1040492
1040563
1040894
1040905
1041090
1041129
1041137
1041164
1041439
1041474
1041538
1041746
1041791
1042480
1042741
1042925
1042951
1042970
1042980
1042983
1042990
1043020
1043026
1043037
1043262
1043314
1043324
1043336
1043428
1043431
1043439
1043477
1043480
1043484
1043494
1043577
1043651
1043815
1044107
1044172
1044335
1044338
1044421
1044460
1044646
1044930
1044954
1044961
1044965
1045005
1045117
1045128
1045261
1045324
1045382
1045651
1045876
1045884
1046265
1046302
1046558
1046596
1047565
1047578
1047757
1048679
1048750
1048764
1049224
1049241
1049479
1049494
1049516
1049528
1049610
1050747
1050770
1050945
1050959
1050963
1051009
1051044
1051046
1051531
1051668
1051955
1051965
1051976
1052079
1052410
1052581
1052707
1052867
1052907
1052954
1052974
1052985
1052990
1053077
1053544
1053671
1053974
1054232
1054234
1054268
1055008
1055108
1055110
1055142
1055663
1055924
1056113
1056124
1056128
1056276
1056546
1056921
1056936
1057278
1057295
1057302
1057472
1057485
1057489
1057596
1057743
1057762
1057771
1057791
1057796
1057799
1057802
1057811
1057815
1057819
1057957
1058134
1058183
1058208
1058304
1058412
1058537
1058729
1059077
1059121
1059188
1059190
1059192
1059332
1059824
1059826
1059893
1059929
1059938
1059977
1059982
1060022
1060025
1060028
1060119
1060155
1060165
1060170
1060175
1060178
1060185
1060191
1060470
1060572
1060579
1060581
1060586
1060589
1060592
1060635
1060673
1060795
1060864
1060868
1061031
1061177
1061183
1061190
1061274
1061281
1061282
1061286
1061387
1061448
1061477
1061604
1061763
1061764
1061780
1061787
1061802
1061810
1061866
1061869
1061874
1061879
1061880
1061931
1061933
1062037
1062067
1062618
1062752
1062766
1062916
1062928
1062990
1063258
1063286
1063293
1063526
1063531
1063731
1063733
1063857
1063873
1064254
1064256
1064314
1064486
1064494
1064498
1064516
1064545
1064552
1064670
1064908
1073113
1073120
1073135
1073139
1073204
1073208
1073244
1073323
1073357
1073445
1073645
1073902
1073959
1073968
1073970
1074009
1074045
1074092
1074240
1074259
1074267
1074271
1074333
1074393
1074394
1074416
1074468
1074471
1074494
1074497
1074651
1074693
1074717
1074808
1074812
1074849
1074890
1074918
1074924
1074938
1074972
1074988
1074999
1075049
1075051
1075052
1075063
1075190
1075191
1075229
1075248
1075266
1075326
1075334
1075341
1075351
1075361
1075508
1075516
1075529
1075538
1075539
1075548
1075663
1075675
1075679
1075685
1075749
1075752
1075756
1075819
1075935
1075937
1075972
1075982
1075991
1076020
1076024
1076029
1076081
1076114
1076119
1076121
1076124
1076148
1076186
1076212
1076261
1076269
1076305
1076319
1076320
1076439
1076463
1076552
1076563
1076569
1076570
1076725
1076875
1076890
1076956
1076971
1076980
1077030
1077110
1077122
1077133
1077215
1077224
1077239
1077342
1077349
1077411
1077426
1077437
1077444
1077449
1077510
1077547
1077569
1077648
1077667
1077669
1077718
1077723
1077725
1077726
1077734
1077764
1077784
1077785
1077793
1077965
1077994
1078072
1078087
1078098
1078118
1078124
1078213
1078231
1078237
1078246
1078289
1078291
1078292
1078294
1078305
1078352
1078358
1078361
1078383
1078405
1078440
1078458
1078487
1078534
1078547
1078557
1078613
1078636
1078777
1078896
1079070
1079086
1079117
1079164
1079167
1079304
1079357
1079427
1079432
1079523
1079534
1079550
1079634
1079636
1079724
1079785
1079796
1080018
1080023
1080101
1080127
1080187
1080194
1080196
1080410
1080439
1080509
1080516
1080521
1080567
1080611
1080612
1080620
1080629
1080633
1080760
1080869
1080875
1081095
1081105
1081146
1081149
1081193
1081265
1081270
1081272
1081276
1081283
1081325
1081369
1081459
1081560
1081636
1081638
1081840
1081893
1082150
1082152
1082249
1082255
1082301
1082303
1082310
1082332
1082428
1082643
1082652
1082985
1082990
1082999
1083003
1083009
1083038
1083133
1083158
1083434
1083436
1083448
1083455
1083561
1083564
1083567
1083592
1083601
1083610
1083653
1083657
1083680
1083700
1083785
1083787
1083791
1083795
1083798
1083812
1083817
1083910
1083912
1083913
1083917
1083920
1083924
1083926
1083928
1083933
1083935
1083976
1083978
1084132
1084136
1084137
1084140
1084141
1084145
1084148
1084149
1084155
1084157
1084159
1084171
1084179
1084196
1084204
1084224
1084226
1084405
1084414
1084420
1084428
1084434
1084453
1084454
1084472
1084475
1084478
1084479
1084482
1084503
1084509
1084516
1084521
1084703
1084717
1084730
1084745
1084813
1084816
1084820
1084822
1084824
1084829
1084839
1084847
1084849
1084855
1084861
1084864
1084866
1084900
1084938
1084942
1084945
1084951
1084962
1085004
1085017
1085020
1085023
1085025
1085047
1085145
1085207
1085212
1085215
1085217
1085227
1085321
1085325
1085328
1085330
1085335
1085363
1085422
1085425
1085444
1085537
1085539
1085651
1085652
1085670
1085690
1085724
1085726
1085732
1085740
1085759
1085761
1085804
1085808
1085837
1085867
1085969
1085978
1086024
1086418
1086595
1086596
1086615
1086628
1086634
1086648
1086649
1086658
1086660
1086666
1086673
1086757
1086759
1086762
1086800
1086805
1086807
1086821
1086824
1086828
1086833
1086925
1086928
1086957
1086980
1086983
1086993
1086994
1087026
1087037
1087048
1087050
1087100
1087123
1087155
1087157
1087160
1087164
1087178
1087191
1087298
1087300
1087308
1087312
1087315
1087319
1087321
1087324
1087336
1087376
1087387
1087391
1087395
1087415
1087419
1087421
1087428
1087436
1087437
1087442
1087584
1087604
1087606
1087714
1087719
1087731
1087742
1087756
1087769
1087779
1087861
1087868
1087879
1087886
1087896
1087899
1087928
1087940
1087943
1087952
1088005
1088096
1088105
1088180
1088186
1088191
1088193
1088199
1088200
1088211
1088220
1088226
1088229
1088231
1088241
1088244
1088249
1088251
1088348
1088361
1088364
1088432
1088445
1088534
1088580
1088650
1088653
1088655
1088657
1088672
1088674
1088679
1088681
1088693
1088701
1088705
1088735
1088739
1088847
1088848
1088850
1088852
1088854
1088988
1088994
1088998
1088999
1089000
1089002
1089006
1089007
1089008
1089012
1089065
1089067
1089069
1089072
1089080
1089103
1089210
1089215
1089747
1090112
1090136
1090147
1090341
1090352
1090358
1090460
1090490
1090671
1090873
1090887
1091244
1091245
1091433
1091435
1091461
1091603
1091615
1091637
1091738
1091741
1091854
1091966
1091996
1092034
1092035
1092040
1092044
1092108
1092172
1092177
1092185
1092286
1092292
1092342
1092345
1092347
1092359
1092363
1092427
1092430
1092431
1092438
1092449
1092488
1092489
1092504
1092527
1092528
1092531
1092533
1092536
1092537
1092550
1092557
1092563
1092572
1092576
1092583
1092587
1092589
1092595
1092807
1092812
1092826
1092846
1092852
1092863
1092877
1092879
1092882
1092884
1092890
1093097
1093105
1093107
1093137
1093157
1093270
1093299
1093303
1093313
1093330
1093331
1093343
1093344
1093345
1093401
1093402
1093404
1093413
1093513
1093562
1093581
1093651
1093656
1093659
1093665
1093687
1093689
1093692
1093694
1093929
1093937
1093939
1094013
1094188
1094237
1094270
1094594
1094595
1094661
1094665
1094695
1094749
1094750
1094763
1094841
1094846
1094909
1094912
1094936
1094949
1094954
1094955
1094956
1094958
1094960
1094994
1095070
1095095
1095103
1095107
1095125
1095147
1095283
1095286
1095296
1095298
1095321
1095325
1095354
1095357
1095372
1095389
1095435
1095487
1095491
1095553
1095556
1095649
1095657
1095717
1095722
1095723
1095819
1095830
1095843
1095845
1095847
1095867
1095873
1095876
1095890
1095892
1095894
1095999
1096001
1096022
1096023
1096028
1096034
1096038
1096106
1096109
1096120
1096136
1096204
1096242
1096243
1096265
1096266
1096268
1096295
1096402
1096423
1096425
1096434
1096442
1096444
1096451
1096453
1096456
1096463
1096468
1096471
1096472
1096473
1096663
1096664
1096665
1096679
1096681
1096698
1096701
1096707
1096782
1096883
1096897
1097067
1097146
1097148
1097161
1097164
1097172
1097435
1097437
1097442
1097445
1097460
1097489
1097528
1097529
1097545
1097563
1097565
1097568
1097573
1097577
1097594
1097596
1097611
1097630
1097635
1097636
1097640
1097645
1097659
1097660
1097667
1097672
1097675
1097678
1097680
1097687
1097690
1097693
1097695
1097701
1097708
1097743
1097750
1097757
1097818
1097824
1097826
1097842
1097962
1097967
1098031
1098046
1098099
1098110
1098117
1098126
1098230
1098273
1098349
1098366
1098398
1098426
1098427
1098532
1098540
1098542
1098546
1098642
1098656
1098775
1098777
1098781
1098784
1098788
1098802
1098807
1098808
1098813
1098830
1098833
1098869
1098871
1098878
1098881
1098884
1098908
1098911
1098917
1098923
1098981
1099008
1099010
1099016
1099018
1099019
1099021
1099024
1099233
1099236
1099244
1099263
1099342
1099362
1099364
1099385
1099418
1099422
1099431
1099479
1099489
1099491
1099494
1099497
1099520
1099521
1099527
1099603
1099605
1099618
1099621
1099627
1099630
1099636
1099640
1099670
1099674
1099827
1099853
1099858
1099862
1099894
1099897
1099913
1099928
1099946
1099959
1099986
1099989
1100016
1100028
1100037
1100046
1100051
1100054
1100056
1100058
1100066
1100098
1100113
1100114
1100142
1100144
1100145
1100167
1100173
1100180
1100185
1100352
1100354
1100363
1100372
1100383
1100461
1100503
1100517
1100522
1100528
1100530
1100610
1100730
1100738
1100883
1100936
1100944
1100959
1100974
1100993
1101054
1101144
1101204
1101214
1101216
1101309
1101357
1101361
1101378
1101379
1101382
1101384
1101385
1101461
1101506
1101528
1101615
1101631
1101670
1101802
1101803
1101838
1101870
1102044
1102046
1102288
1102388
1102523
1102704
1102707
1102870
1104478
1104617
1104882
1104904
1105273
1105299
1105365
1105464
1105495
1105657
1105669
1105676
1105680
1105721
1105726
1105860
1105868
1105873
1105974
1105985
1106084
1106408
1106434
1106437
1106439
1106576
1106579
1106582
1106587
1106590
1106595
1106630
1106646
1106815
1106822
1106826
1106836
1106960
1106965
1106967
1106969
1107034
1107045
1107097
1107112
1107130
1107133
1107167
1107172
1107177
1107185
1107226
1107238
1107260
1107268
1107273
1107281
1107285
1107286
1107287
1107293
1107321
1107322
1107338
1107340
1107348
1107349
1107354
1107467
1107517
1107589
1107680
1107859
1107869
1107978
1107998
1108011
1108037
1108068
1108075
1108092
1108153
1108173
1108175
1108232
1108234
1108239
1108250
1108380
1108381
1108389
1108394
1108643
1108753
1108784
1108819
1108846
1108950
1109178
1109179
1109246
1109247
1109272
1109302
1109312
1109333
1109413
1109421
1109430
1109440
1109447
1109459
1109463
1109507
1109508
1109534
1109536
1109556
1109583
1109607
1109612
1109616
1109669
1109690
1109694
1109699
1109717
1109719
1109805
1109807
1109822
1109974
1109979
1109981
1110026
1110058
1110091
1110136
1110166
1110168
1110283
1110294
1110310
1110341
1110512
1110514
1110516
1110518
1110572
1110573
1110587
1110594
1110628
1110638
1110711
1110827
1110913
1110919
1110933
1110939
1111034
1111035
1111047
1111081
1111083
1111149
1111152
1111154
1111163
1111166
1111170
1111171
1111174
1111180
1111181
1111184
1111187
1111196
1111260
1111262
1111266
1111272
1111292
1111359
1111363
1111414
1111616
1111620
1111627
1111638
1111686
1111717
1111753
1111757
1111770
1111780
1111820
1111843
1111844
1111884
1111925
1111930
1111971
1111977
1111979
1111983
1111986
1111988
1111996
1111999
1112029
1112041
1112043
1112053
1112069
1112073
1112090
1112094
1112098
1112144
1112150
1112160
1112162
1112164
1112167
1112170
1112179
1112188
1112260
1112262
1112271
1112278
1112288
1112290
1112295
1112311
1112329
1112336
1112339
1112451
1112462
1112747
1112785
1112813
1112873
1112875
1112878
1112880
1112933
1112935
1112970
1113042
1113044
1113046
1113047
1113050
1113112
1113189
1113192
1113205
1113221
1113817
1113834
1113849
1113939
1113940
1113942
1113956
1114331
1114404
1114487
1114490
1114598
1114623
1114667
1114770
1114782
1114786
1114869
1114889
1114901
1114930
1114993
1114995
1115012
1115014
1115121
1115125
1115136
1115137
1115213
1115328
1115330
1115338
1115343
1115380
1115383
1115386
1115674
1115681
1115703
1115882
1116001
1116065
1116151
1116166
1116306
1116328
1116478
1116490
1116651
1116696
1116968
1117007
1117009
1117020
1117049
1117088
1117091
1117111
1117203
1117207
1117217
1117225
1117227
1117233
1117267
1117398
1117404
1117626
1117685
1117702
1117711
1117722
1117730
1117817
1117853
1117942
1117945
1117946
1117957
1117968
1117980
1117992
1118035
1118043
1118045
1118052
1118058
1118064
1118073
1118074
1118249
1118250
1118495
1118513
1118520
1118534
1118585
1118591
1118670
1118675
1118788
1118829
1118960
1118962
1119037
1119040
1119058
1119182
1119183
1119184
1119212
1119369
1119371
1119374
1119757
1119920
1119928
1119930
1119935
1119940
1119951
1119956
1119962
1120124
1120339
1120355
1120362
1120364
1120442
1120470
1120480
1120543
1120578
1120585
1120608
1120612
1120622
1120625
1120626
1120630
1120633
1120641
1120680
1120695
1120720
1120721
1120724
1120749
1120750
1120752
1120760
1120761
1120776
1120778
1120779
1120811
1120812
1120813
1120815
1120816
1120832
1120873
1120882
1120888
1120894
1120906
1120908
1120910
1120911
1120921
1120933
1120959
1120960
1120961
1121020
1121064
1121095
1121099
1121113
1121117
1121128
1121134
1121135
1121139
1121176
1121178
1121188
1121209
1122240
1122243
1122248
1122354
1122416
1122616
1123703
1123707
1123835
1123923
1124124
1124475
1124536
1124575
1124672
1124678
1124744
1125189
1125230
1126029
1126524
1126801
1126838
1126958
1126974
1127066
1127071
1127107
1127110
1127111
1127116
1127120
1127122
1127145
1127152
1127170
1127178
1127182
1127190
1127277
1127403
1127568
1127573
1127959
1128056
1128136
1129324
1129327
1129328
1129333
1129409
1129424
1129500
1129652
1129654
1129669
1129708
1129748
1129750
1129936
1129997
1130077
1130295
1130649
1130771
1131141
1131148
1131215
1131232
1131242
1131302
1131360
1131398
1131402
1131461
1131465
1131467
1131486
1131510
1131515
1131634
1131638
1131648
1131661
1131667
1131670
1131673
1131731
1131886
1132234
1132274
1132365
1132371
1132374
1132378
1132420
1132486
1132702
1132706
1132739
1132742
1132942
1132944
1133111
1133118
1133163
1133572
1133714
1134868
1136331
1136337
1136349
1136380
1136640
1136762
1136937
1136956
1137423
1137451
1138219
1138249
1139577
1139610
1140042
1141578
1141759
1141785
1141789
1141792
1142035
1142040
1142067
1142071
1142297
1142328
1142694
1143260
1143294
1143430
1143440
1143446
1143448
1143454
1143601
1143622
1143632
1143900
1143936
1144460
1144521
1144571
1144611
1144829
1144854
1144863
1144877
1144885
1145035
1145087
1145171
1145204
1145860
1145876
1145880
1146959
1148174
1148175
1148231
1148756
1149434
1149648
1149886
1149888
1149964
1149967
1149974
1150254
1150732
1151275
1151784
1152019
1152973
1153325
1153344
1153352
1153363
1153372
1153463
1153978
1154185
1154330
1155127
1155208
1155398
1155421
1155426
1155443
1155578
1155861
1155994
1156024
1156160
1156460
1156461
1157485
1157800
1157897
1158117
1158397
1158406
1158419
1158568
1158604
1158621
1158635
1158658
1158676
1158996
1159093
1159185
1159494
1159685
1159802
1159853
1159854
1159858
1159942
1160041
1160167
1160168
1160451
1160454
1160466
1160559
1160615
1160774
1160872
1160888
1160892
1160893
1160954
1161132
1161142
1161157
1161331
1161344
1161355
1161652
1161726
1161739
1161944
1162301
1162474
1162584
1162794
1162864
1163359
1164519
1164947
1165483
1165496
1165587
1165641
1165845
1166012
1166161
1166191
1166247
1166309
1166457
1166605
1166623
1166971
1167631
1167996
1168423
1168432
1168546
1169100
1169336
1169779
1169986
1170031
1170106
1170108
1170131
1170138
1170141
1170659
1170663
1170731
1170733
1170791
1171170
1171199
1171370
1171374
1171381
1172078
1172087
1172093
1172370
1173097
1174678
1174768
1175377
1175418
1175424
1175442
1176256
1177350
1178677
1178680
1178681
1178730
1178797
1178799
1178880
1178881
1178980
1179117
1179168
1179169
1179235
1179492
1180163
1180501
1180709
1180710
1181545
1181927
1182298
1183223
1183224
1183722
1183723
1183724
1183742
1183947
1184230
1184255
1184785
1184923
1184924
1185018
1188133
1188134
1188332
1188335
1188338
1188512
1188513
1188734
1189100
1189391
1189392
1189507
1189655
1189690
1189796
1189799
1189826
1189989
1189992
1190004
1190024
1195260
1195440
1195443
1196396
1196444
1196501
1196670
1198250
1200521
1202152
1204493
1204494
1209119
1209885
1212114
1212202
1212318
1212398
1212689
1212690
1213175
1213628
1213994
1214799
1215722
1216199
1216944
1217564
1217598
1217599
1217747
1217748
1217749
1217763
1217764
1218226
1218367
1218535
1219310
1219359
1219850
1219851
1220024
1220241
1220288
1220567
1220661
1220711
1220841
1220844
1220954
1221031
1221088
1221093
1221316
1221320
1221332
1222331
1222387
1222583
1222584
1222616
1222659
1222829
1222830
1222837
1222841
1222861
1223039
1223040
1223041
1223061
1223264
1223300
1223427
1223645
1223691
1223695
1224483
1224910
1225055
1225294
1225317
1225391
1225496
1225656
1225662
1225841
1225875
1225876
1225989
1226335
1226636
1235947
1236172
1237399
1237671
1237693
1238006
1238100
1238230
1238242
1238448
1238457
1238501
1238581
1238589
1238635
1239832
1239947
1240430
1252648
1253301
1253397
1253415
1253619
1253620
1253665
1253709
1253745
1253747
1253749
1254073
1254102
1254160
1254209
1254370
1254392
1254448
1254454
1254501
1254543
1254548
1254620
1254777
1254825
1255066
1255211
1255276
1255336
1255337
1255402
1255418
1255426
1255867
1256468
1256791
1256872
1256938
1256989
1256999
1257261
1257264
1257431
1257456
1257751
1257821
1257826
1257836
1257840
1257890
1257893
1258097
1258119
1258136
1258158
1258159
1258315
1258335
1258342
1258359
1258379
1258412
1258433
1258638
1259017
1259214
1259219
1259249
1259444
1259448
1259453
1259489
1259580
1259600
1259762
1260371
1260374
1260386
1260406
1260506
1260530
1261143
1261174
1262063
1262129
1262301
1262604
1262803
1262804
1262805
1262876
1262877
1262951
1262954
1262955
1262993
1263321
1263371
1263390
1263553
1264334
1264413
1264422
1264512
1264517
1264527
1264532
1264752
1264754
1264814
1264890
1264929
1265269
1265305
1274452
1274758
1275773
1276289
1276293
1276694
1277071
1279681
1280019
1282203
1282692
1282970
1283084
1283187
1283223
1293447
1293750
1293788
1293792
1293900
1293925
1294086
1294142
1294186
1294188
1294460
1294510
